      12       1      77     155     232     310     387     464     542     620     697     775     852     929
       1    4.53    4.50    4.39    4.14    3.82    3.46    3.11    2.76    2.38    1.88    1.22    0.86    0.62
       2    5.19    5.16    5.03    4.74    4.38    3.97    3.56    3.16    2.73    2.16    1.42    1.01    0.73
       3    5.60    5.56    5.42    5.11    4.72    4.28    3.85    3.41    2.95    2.34    1.55    1.11    0.80
       4    5.87    5.82    5.67    5.35    4.94    4.48    4.03    3.57    3.08    2.45    1.65    1.19    0.87
       5    6.05    6.00    5.85    5.52    5.09    4.63    4.16    3.68    3.18    2.54    1.72    1.25    0.92
       6    6.20    6.15    5.99    5.65    5.22    4.74    4.26    3.77    3.26    2.61    1.79    1.31    0.96
       7    6.35    6.30    6.13    5.78    5.35    4.86    4.36    3.86    3.34    2.67    1.85    1.35    1.00
       8    6.50    6.45    6.27    5.92    5.47    4.97    4.47    3.95    3.42    2.74    1.90    1.40    1.03
       9    6.65    6.60    6.42    6.06    5.60    5.09    4.57    4.05    3.50    2.80    1.95    1.43    1.06
      10    6.85    6.79    6.61    6.24    5.76    5.24    4.70    4.17    3.60    2.88    2.00    1.47    1.09
      11    7.04    6.98    6.79    6.41    5.92    5.38    4.83    4.28    3.70    2.96    2.05    1.50    1.11
      12    7.25    7.19    7.00    6.61    6.10    5.54    4.98    4.41    3.81    3.05    2.10    1.53    1.13
      13    7.46    7.40    7.20    6.80    6.28    5.70    5.12    4.53    3.92    3.13    2.14    1.56    1.15
      14    7.62    7.56    7.36    6.95    6.41    5.82    5.23    4.63    4.00    3.19    2.18    1.59    1.17
      15    7.76    7.70    7.49    7.07    6.53    5.93    5.32    4.71    4.07    3.25    2.22    1.62    1.19
      16    7.86    7.80    7.59    7.16    6.62    6.01    5.39    4.77    4.13    3.29    2.25    1.64    1.21
      17    7.94    7.88    7.67    7.24    6.69    6.07    5.45    4.82    4.17    3.33    2.28    1.66    1.22
      18    8.02    7.96    7.74    7.31    6.75    6.13    5.50    4.87    4.21    3.36    2.31    1.69    1.24
      19    8.10    8.04    7.82    7.38    6.82    6.19    5.56    4.92    4.25    3.40    2.34    1.71    1.26
      20    8.19    8.12    7.90    7.46    6.89    6.25    5.61    4.97    4.29    3.43    2.37    1.73    1.27
      21    8.28    8.21    7.99    7.54    6.96    6.32    5.68    5.02    4.34    3.47    2.39    1.75    1.29
      22    8.39    8.32    8.09    7.64    7.06    6.41    5.75    5.09    4.40    3.52    2.42    1.77    1.30
      23    8.50    8.44    8.21    7.74    7.15    6.49    5.83    5.16    4.46    3.56    2.45    1.78    1.31
      24    8.63    8.57    8.33    7.86    7.26    6.59    5.92    5.24    4.52    3.62    2.48    1.80    1.33
      25    8.77    8.70    8.46    7.99    7.38    6.69    6.01    5.32    4.59    3.67    2.50    1.82    1.34
      26    8.88    8.81    8.57    8.09    7.47    6.78    6.08    5.38    4.65    3.71    2.53    1.84    1.35
      27    8.97    8.90    8.66    8.17    7.55    6.85    6.15    5.44    4.70    3.75    2.55    1.86    1.36
      28    9.05    8.98    8.74    8.24    7.61    6.91    6.20    5.49    4.74    3.78    2.58    1.87    1.37
      29    9.12    9.04    8.80    8.30    7.67    6.96    6.24    5.53    4.77    3.81    2.60    1.89    1.39
      30    9.17    9.10    8.86    8.36    7.72    7.00    6.29    5.56    4.80    3.84    2.62    1.90    1.40
      31    9.24    9.16    8.91    8.41    7.77    7.05    6.33    5.60    4.83    3.86    2.64    1.92    1.41
      32    9.30    9.23    8.98    8.47    7.82    7.10    6.37    5.64    4.87    3.89    2.66    1.93    1.42
      33    9.37    9.30    9.04    8.53    7.88    7.15    6.42    5.68    4.90    3.92    2.68    1.95    1.43
      34    9.46    9.38    9.12    8.61    7.95    7.21    6.48    5.73    4.95    3.95    2.70    1.96    1.44
      35    9.54    9.47    9.21    8.69    8.02    7.28    6.53    5.78    4.99    3.98    2.72    1.97    1.45
      36    9.64    9.56    9.30    8.78    8.10    7.35    6.60    5.84    5.04    4.02    2.74    1.99    1.46
      37    9.74    9.67    9.40    8.87    8.19    7.43    6.67    5.90    5.09    4.07    2.76    2.00    1.47
      38    9.83    9.75    9.48    8.95    8.26    7.50    6.73    5.95    5.14    4.10    2.78    2.02    1.48
      39    9.90    9.83    9.56    9.02    8.33    7.55    6.78    6.00    5.18    4.13    2.80    2.03    1.48
      40    9.97    9.89    9.62    9.08    8.38    7.60    6.82    6.03    5.21    4.16    2.82    2.04    1.49
      41   10.02    9.94    9.67    9.13    8.42    7.64    6.86    6.07    5.24    4.18    2.83    2.05    1.50
      42   10.07    9.99    9.72    9.17    8.47    7.68    6.89    6.10    5.26    4.20    2.85    2.07    1.51
      43   10.12   10.05    9.77    9.22    8.51    7.72    6.93    6.13    5.29    4.22    2.87    2.08    1.52
      44   10.18   10.10    9.82    9.27    8.55    7.76    6.96    6.16    5.32    4.24    2.88    2.09    1.53
      45   10.24   10.16    9.88    9.32    8.60    7.81    7.00    6.20    5.35    4.27    2.90    2.10    1.54
      46   10.30   10.22    9.94    9.38    8.66    7.86    7.05    6.24    5.38    4.29    2.91    2.11    1.54
      47   10.37   10.29   10.01    9.45    8.72    7.91    7.10    6.28    5.42    4.32    2.93    2.12    1.55
      48   10.45   10.37   10.09    9.52    8.78    7.97    7.15    6.32    5.46    4.35    2.95    2.13    1.56
      49   10.54   10.46   10.17    9.59    8.85    8.03    7.21    6.37    5.50    4.39    2.97    2.15    1.57
      50   10.61   10.53   10.24    9.66    8.91    8.09    7.25    6.42    5.54    4.42    2.98    2.16    1.57
      51   10.67   10.59   10.30    9.72    8.97    8.13    7.30    6.45    5.57    4.44    3.00    2.17    1.58
      52   10.73   10.64   10.35    9.77    9.01    8.18    7.34    6.49    5.60    4.46    3.01    2.18    1.59
      53   10.77   10.69   10.40    9.81    9.05    8.21    7.37    6.52    5.62    4.48    3.03    2.19    1.60
      54   10.82   10.74   10.44    9.85    9.09    8.25    7.40    6.54    5.64    4.50    3.04    2.20    1.60
      55   10.86   10.78   10.48    9.89    9.13    8.28    7.43    6.57    5.67    4.52    3.05    2.21    1.61
      56   10.91   10.83   10.53    9.93    9.17    8.32    7.46    6.60    5.69    4.54    3.07    2.22    1.62
      57   10.96   10.88   10.58    9.98    9.21    8.35    7.49    6.63    5.72    4.56    3.08    2.23    1.63
      58   11.02   10.93   10.63   10.03    9.26    8.40    7.53    6.66    5.75    4.58    3.10    2.24    1.63
      59   11.08   10.99   10.69   10.09    9.31    8.44    7.57    6.70    5.78    4.61    3.11    2.25    1.64
      60   11.15   11.06   10.76   10.15    9.36    8.49    7.62    6.74    5.81    4.63    3.13    2.26    1.64
      61   11.22   11.13   10.83   10.21    9.42    8.55    7.67    6.78    5.85    4.66    3.14    2.27    1.65
      62   11.28   11.19   10.89   10.27    9.48    8.59    7.71    6.82    5.88    4.69    3.16    2.28    1.66
      63   11.34   11.25   10.94   10.32    9.52    8.64    7.75    6.85    5.91    4.71    3.17    2.29    1.66
      64   11.38   11.30   10.99   10.36    9.56    8.67    7.78    6.88    5.93    4.73    3.18    2.30    1.67
      65   11.43   11.34   11.03   10.40    9.60    8.70    7.81    6.90    5.96    4.75    3.19    2.31    1.68
      66   11.47   11.38   11.07   10.44    9.63    8.73    7.84    6.93    5.98    4.76    3.21    2.32    1.68
      67   11.51   11.42   11.10   10.48    9.67    8.77    7.86    6.95    6.00    4.78    3.22    2.32    1.69
      68   11.55   11.46   11.15   10.51    9.70    8.80    7.89    6.98    6.02    4.80    3.23    2.33    1.70
      69   11.59   11.50   11.19   10.55    9.74    8.83    7.92    7.00    6.04    4.82    3.24    2.34    1.70
      70   11.65   11.56   11.24   10.60    9.78    8.87    7.96    7.03    6.07    4.84    3.26    2.35    1.71
      71   11.70   11.61   11.29   10.65    9.82    8.91    7.99    7.07    6.09    4.86    3.27    2.36    1.71
      72   11.76   11.67   11.35   10.70    9.87    8.95    8.03    7.10    6.12    4.88    3.28    2.37    1.72
      73   11.82   11.73   11.41   10.76    9.93    9.00    8.07    7.14    6.16    4.91    3.29    2.38    1.73
      74   11.87   11.78   11.46   10.81    9.97    9.04    8.11    7.17    6.18    4.93    3.31    2.39    1.73
      75   11.92   11.83   11.51   10.86   10.01    9.08    8.14    7.20    6.21    4.95    3.32    2.39    1.74
      76   11.97   11.88   11.55   10.90   10.05    9.11    8.17    7.23    6.23    4.97    3.33    2.40    1.74
      77   12.01   11.91   11.59   10.93   10.08    9.14    8.20    7.25    6.25    4.98    3.34    2.41    1.75
      78   12.04   11.95   11.62   10.96   10.11    9.17    8.22    7.27    6.27    5.00    3.35    2.42    1.76
      79   12.08   11.99   11.66   11.00   10.14    9.20    8.25    7.29    6.29    5.01    3.36    2.43    1.76
      80   12.12   12.03   11.70   11.03   10.18    9.23    8.28    7.32    6.31    5.03    3.38    2.43    1.77
      81   12.16   12.07   11.73   11.07   10.21    9.26    8.30    7.34    6.33    5.04    3.39    2.44    1.77
      82   12.21   12.11   11.78   11.11   10.25    9.29    8.33    7.37    6.35    5.06    3.40    2.45    1.78
      83   12.25   12.16   11.82   11.15   10.29    9.33    8.37    7.40    6.38    5.08    3.41    2.46    1.78
      84   12.31   12.21   11.88   11.20   10.33    9.37    8.40    7.43    6.41    5.10    3.42    2.47    1.79
      85   12.36   12.27   11.93   11.25   10.38    9.41    8.44    7.46    6.43    5.12    3.43    2.47    1.79
      86   12.41   12.32   11.98   11.30   10.42    9.45    8.47    7.49    6.46    5.14    3.45    2.48    1.80
      87   12.46   12.36   12.02   11.34   10.46    9.48    8.50    7.52    6.48    5.16    3.46    2.49    1.80
      88   12.50   12.40   12.06   11.38   10.49    9.51    8.53    7.54    6.50    5.18    3.47    2.50    1.81
      89   12.53   12.44   12.10   11.41   10.52    9.54    8.56    7.56    6.52    5.19    3.48    2.51    1.81
      90   12.57   12.47   12.13   11.44   10.55    9.57    8.58    7.58    6.54    5.21    3.49    2.51    1.82
      91   12.60   12.50   12.16   11.47   10.58    9.59    8.60    7.60    6.56    5.22    3.50    2.52    1.83
      92   12.64   12.54   12.20   11.50   10.61    9.62    8.63    7.63    6.58    5.24    3.51    2.53    1.83
      93   12.68   12.58   12.23   11.54   10.64    9.65    8.65    7.65    6.59    5.25    3.52    2.53    1.84
      94   12.72   12.62   12.27   11.58   10.68    9.68    8.68    7.67    6.62    5.27    3.53    2.54    1.84
      95   12.76   12.66   12.31   11.61   10.71    9.71    8.71    7.70    6.64    5.29    3.54    2.55    1.85
      96   12.81   12.71   12.36   11.66   10.75    9.75    8.74    7.73    6.66    5.31    3.55    2.56    1.85
