       0       1    0.00    0.00    0.00    0.00    0.00    0.00    0.00    0.00    0.00    0.00    0.00    0.00    0.00
       0       1    0.09    0.09    0.08    0.06    0.04    0.02    0.01    0.01    0.00    0.00    0.00    0.00    0.00
       0       1    0.00    0.00    0.00    0.00    0.00    0.00    0.00    0.00    0.00    0.00    0.00    0.00    0.00
       0       2    0.01    0.00    0.00    0.00    0.00    0.00    0.00    0.00    0.00    0.00    0.00    0.00    0.00
       0       2    0.21    0.21    0.19    0.15    0.10    0.06    0.03    0.02    0.01    0.00    0.00    0.00    0.00
       0       2    0.00    0.00    0.00    0.00    0.00    0.00    0.00    0.00    0.00    0.00    0.00    0.00    0.00
       0       3    0.01    0.00    0.00    0.00    0.00    0.00    0.00    0.00    0.00    0.00    0.00    0.00    0.00
       0       3    0.39    0.39    0.36    0.27    0.18    0.11    0.06    0.04    0.02    0.01    0.00    0.00    0.00
       0       3    0.00    0.00    0.00    0.00    0.00    0.00    0.00    0.00    0.00    0.00    0.00    0.00    0.00
       0       4    0.01    0.00    0.00    0.00    0.00    0.00    0.00    0.00    0.00    0.00    0.00    0.00    0.00
       0       4    0.70    0.70    0.63    0.48    0.32    0.19    0.11    0.07    0.03    0.01    0.00    0.00    0.00
       0       4    0.00    0.00    0.00    0.00    0.00    0.00    0.00    0.00    0.00    0.00    0.00    0.00    0.00
       0       5    0.01    0.00    0.00    0.00    0.00    0.01    0.00    0.00    0.00    0.00    0.00    0.00    0.00
       0       5    1.16    1.16    1.05    0.80    0.53    0.32    0.19    0.11    0.05    0.02    0.00    0.00    0.00
       0       5    4.87    4.70    1.41    0.00    0.00    0.00    0.00    0.00    0.00    0.00    0.00    0.00    0.00
       0       6    0.02    0.00    0.00    0.00    0.00    0.01    0.00    0.00    0.00    0.00    0.00    0.00    0.00
       0       6    1.70    1.68    1.52    1.16    0.76    0.47    0.28    0.16    0.08    0.02    0.00    0.00    0.00
       0       6   20.90   20.53   15.59    4.73    0.00    0.00    0.00    0.00    0.00    0.00    0.00    0.00    0.00
       0       7    0.02    0.00    0.00    0.00    0.00    0.01    0.00    0.00    0.00    0.00    0.00    0.00    0.00
       0       7    2.19    2.17    1.96    1.49    0.98    0.60    0.36    0.21    0.10    0.03    0.00    0.00    0.00
       0       7   35.70   35.18   28.73   14.73    0.00    0.00    0.00    0.00    0.00    0.00    0.00    0.00    0.00
       0       8    0.02    0.00    0.00    0.00    0.00    0.01    0.00    0.00    0.00    0.00    0.00    0.00    0.00
       0       8    2.59    2.57    2.32    1.76    1.17    0.72    0.42    0.25    0.12    0.03    0.00    0.00    0.00
       0       8   47.78   47.16   39.50   22.94    4.96    0.00    0.00    0.00    0.00    0.00    0.00    0.00    0.00
       0       9    1.24    1.22    0.00    0.00    0.00    0.01    0.01    0.00    0.00    0.00    0.00    0.00    0.00
       0       9    2.91    2.89    2.60    1.98    1.31    0.80    0.47    0.28    0.13    0.04    0.00    0.00    0.00
       0       9   50.00   50.00   48.05   29.45    9.25    0.00    0.00    0.00    0.00    0.00    0.00    0.00    0.00
       0      10    1.41    1.38    1.08    0.00    0.00    0.01    0.01    0.00    0.00    0.00    0.00    0.00    0.00
       0      10    3.07    3.05    2.75    2.10    1.38    0.85    0.50    0.29    0.14    0.04    0.00    0.00    0.00
       0      10   50.00   50.00   50.00   32.85   11.49    0.00    0.00    0.00    0.00    0.00    0.00    0.00    0.00
       0      11    1.54    1.51    1.20    0.00    0.00    0.01    0.01    0.00    0.00    0.00    0.00    0.00    0.00
       0      11    3.20    3.18    2.87    2.19    1.44    0.88    0.52    0.31    0.15    0.04    0.00    0.00    0.00
       0      11   50.00   50.00   50.00   35.55   13.26    0.00    0.00    0.00    0.00    0.00    0.00    0.00    0.00
       0      12    1.61    1.58    1.27    0.00    0.00    0.01    0.01    0.00    0.00    0.00    0.00    0.00    0.00
       0      12    3.27    3.25    2.93    2.24    1.47    0.90    0.53    0.31    0.15    0.04    0.00    0.00    0.00
       0      12   50.00   50.00   50.00   37.06   14.25    0.00    0.00    0.00    0.00    0.00    0.00    0.00    0.00
       0      13    1.67    1.64    1.32    0.00    0.00    0.01    0.01    0.00    0.00    0.00    0.00    0.00    0.00
       0      13    3.33    3.31    2.99    2.28    1.50    0.92    0.54    0.32    0.15    0.04    0.00    0.00    0.00
       0      13   50.00   50.00   50.00   38.34   15.09    0.00    0.00    0.00    0.00    0.00    0.00    0.00    0.00
       0      14    1.75    1.73    1.40    0.00    0.01    0.01    0.01    0.00    0.00    0.00    0.00    0.00    0.00
       0      14    3.42    3.39    3.07    2.34    1.54    0.94    0.56    0.33    0.16    0.05    0.00    0.00    0.00
       0      14   50.00   50.00   50.00   40.11   16.24    0.00    0.00    0.00    0.00    0.00    0.00    0.00    0.00
       0      15    1.88    1.85    1.52    0.00    0.01    0.02    0.01    0.00    0.00    0.00    0.00    0.00    0.00
       0      15    3.54    3.52    3.18    2.42    1.60    0.98    0.58    0.34    0.16    0.05    0.00    0.00    0.00
       0      15   50.00   50.00   50.00   42.74   17.96    0.00    0.00    0.00    0.00    0.00    0.00    0.00    0.00
       0      16    2.09    2.07    1.71    0.00    0.01    0.02    0.01    0.00    0.00    0.00    0.00    0.00    0.00
       0      16    3.76    3.73    3.38    2.57    1.70    1.04    0.61    0.36    0.17    0.05    0.00    0.00    0.00
       0      16   50.00   50.00   50.00   47.23   20.91    1.20    0.00    0.00    0.00    0.00    0.00    0.00    0.00
       0      17    2.42    2.39    2.01    1.13    0.01    0.02    0.01    0.00    0.00    0.00    0.00    0.00    0.00
       0      17    4.09    4.06    3.67    2.80    1.84    1.13    0.67    0.39    0.19    0.05    0.00    0.00    0.00
       0      17   50.00   50.00   50.00   50.00   25.35    3.91    0.00    0.00    0.00    0.00    0.00    0.00    0.00
       0      18    2.78    2.75    2.33    1.38    0.01    0.02    0.01    0.00    0.00    0.00    0.00    0.00    0.00
       0      18    4.45    4.42    4.00    3.04    2.01    1.23    0.73    0.43    0.21    0.06    0.00    0.00    0.00
       0      18   50.00   50.00   50.00   50.00   30.21    6.89    0.00    0.00    0.00    0.00    0.00    0.00    0.00
       0      19    3.08    3.05    2.60    1.59    0.01    0.02    0.01    0.00    0.00    0.00    0.00    0.00    0.00
       0      19    4.75    4.72    4.27    3.26    2.15    1.31    0.78    0.46    0.22    0.06    0.01    0.00    0.00
       0      19   50.00   50.00   50.00   50.00   34.36    9.43    0.00    0.00    0.00    0.00    0.00    0.00    0.00
       0      20    3.31    3.28    2.81    1.75    0.01    0.02    0.01    0.00    0.00    0.00    0.00    0.00    0.00
       0      20    4.98    4.95    4.48    3.41    2.25    1.38    0.81    0.48    0.23    0.07    0.01    0.00    0.00
       0      20   50.00   50.00   50.00   50.00   37.48   11.34    0.00    0.00    0.00    0.00    0.00    0.00    0.00
       0      21    3.49    3.46    2.97    1.87    0.01    0.02    0.01    0.00    0.00    0.00    0.00    0.00    0.00
       0      21    5.16    5.13    4.64    3.54    2.33    1.43    0.84    0.49    0.24    0.07    0.01    0.00    0.00
       0      21   50.00   50.00   50.00   50.00   39.92   12.82    0.00    0.00    0.00    0.00    0.00    0.00    0.00
       0      22    3.57    3.54    3.05    1.93    0.01    0.02    0.01    0.00    0.00    0.00    0.00    0.00    0.00
       0      22    5.24    5.21    4.72    3.60    2.37    1.45    0.86    0.50    0.24    0.07    0.01    0.00    0.00
       0      22   50.00   50.00   50.00   50.00   41.09   13.54    0.00    0.00    0.00    0.00    0.00    0.00    0.00
       0      23    3.64    3.61    3.11    1.98    0.01    0.02    0.01    0.00    0.00    0.00    0.00    0.00    0.00
       0      23    5.31    5.28    4.78    3.64    2.40    1.47    0.87    0.51    0.25    0.07    0.01    0.00    0.00
       0      23   50.00   50.00   50.00   50.00   42.00   14.09    0.00    0.00    0.00    0.00    0.00    0.00    0.00
       0      24    3.67    3.64    3.14    2.00    0.01    0.02    0.01    0.00    0.00    0.00    0.00    0.00    0.00
       0      24    5.34    5.31    4.81    3.67    2.42    1.48    0.87    0.51    0.25    0.07    0.01    0.00    0.00
       0      24   50.00   50.00   50.00   50.00   42.46   14.37    0.00    0.00    0.00    0.00    0.00    0.00    0.00
       0      25    3.70    3.67    3.17    2.02    0.01    0.03    0.01    0.00    0.00    0.00    0.00    0.00    0.00
       0      25    5.37    5.34    4.84    3.69    2.43    1.49    0.88    0.52    0.25    0.07    0.01    0.00    0.00
       0      25   50.00   50.00   50.00   50.00   42.85   14.60    0.00    0.00    0.00    0.00    0.00    0.00    0.00
       0      26    3.74    3.71    3.21    2.05    0.01    0.03    0.01    0.00    0.00    0.00    0.00    0.00    0.00
       0      26    5.41    5.37    4.87    3.72    2.45    1.50    0.88    0.52    0.25    0.07    0.01    0.00    0.00
       0      26   50.00   50.00   50.00   50.00   43.40   14.94    0.00    0.00    0.00    0.00    0.00    0.00    0.00
       0      27    3.80    3.77    3.27    2.09    0.01    0.03    0.01    0.00    0.00    0.00    0.00    0.00    0.00
       0      27    5.47    5.44    4.93    3.76    2.48    1.52    0.89    0.53    0.25    0.07    0.01    0.00    0.00
       0      27   50.00   50.00   50.00   50.00   44.27   15.47    0.00    0.00    0.00    0.00    0.00    0.00    0.00
       0      28    3.92    3.89    3.37    2.17    0.01    0.03    0.01    0.00    0.00    0.00    0.00    0.00    0.00
       0      28    5.58    5.55    5.04    3.84    2.53    1.55    0.91    0.54    0.26    0.07    0.01    0.00    0.00
       0      28   50.00   50.00   50.00   50.00   45.87   16.44    0.00    0.00    0.00    0.00    0.00    0.00    0.00
       0      29    4.11    4.07    3.54    2.31    0.01    0.03    0.01    0.00    0.00    0.00    0.00    0.00    0.00
       0      29    5.77    5.74    5.21    3.97    2.62    1.60    0.94    0.56    0.27    0.08    0.01    0.00    0.00
       0      29   50.00   50.00   50.00   50.00   48.45   18.02    0.00    0.00    0.00    0.00    0.00    0.00    0.00
       0      30    4.32    4.28    3.74    2.45    1.05    0.03    0.01    0.00    0.00    0.00    0.00    0.00    0.00
       0      30    5.98    5.95    5.40    4.12    2.71    1.66    0.98    0.58    0.28    0.08    0.01    0.00    0.00
       0      30   50.00   50.00   50.00   50.00   50.00   19.78    0.00    0.00    0.00    0.00    0.00    0.00    0.00
       0      31    4.49    4.46    3.90    2.58    1.13    0.03    0.01    0.00    0.00    0.00    0.00    0.00    0.00
       0      31    6.16    6.13    5.57    4.24    2.79    1.71    1.01    0.59    0.29    0.08    0.01    0.00    0.00
       0      31   50.00   50.00   50.00   50.00   50.00   21.27    0.24    0.00    0.00    0.00    0.00    0.00    0.00
       0      32    4.62    4.59    4.02    2.67    1.19    0.03    0.01    0.00    0.00    0.00    0.00    0.00    0.00
       0      32    6.29    6.26    5.69    4.34    2.85    1.75    1.03    0.61    0.29    0.08    0.01    0.00    0.00
       0      32   50.00   50.00   50.00   50.00   50.00   22.38    0.89    0.00    0.00    0.00    0.00    0.00    0.00
       0      33    4.72    4.69    4.12    2.74    1.24    0.03    0.01    0.00    0.00    0.00    0.00    0.00    0.00
       0      33    6.39    6.36    5.78    4.41    2.90    1.77    1.05    0.62    0.30    0.09    0.01    0.00    0.00
       0      33   50.00   50.00   50.00   50.00   50.00   23.24    1.40    0.00    0.00    0.00    0.00    0.00    0.00
       0      34    4.77    4.74    4.16    2.78    1.26    0.03    0.01    0.00    0.00    0.00    0.00    0.00    0.00
       0      34    6.44    6.41    5.83    4.44    2.92    1.79    1.05    0.62    0.30    0.09    0.01    0.00    0.00
       0      34   50.00   50.00   50.00   50.00   50.00   23.63    1.63    0.00    0.00    0.00    0.00    0.00    0.00
       0      35    4.81    4.78    4.19    2.80    1.27    0.03    0.01    0.00    0.00    0.00    0.00    0.00    0.00
       0      35    6.47    6.44    5.86    4.47    2.94    1.80    1.06    0.63    0.30    0.09    0.01    0.00    0.00
       0      35   50.00   50.00   50.00   50.00   50.00   23.92    1.81    0.00    0.00    0.00    0.00    0.00    0.00
       0      36    4.82    4.79    4.21    2.81    1.28    0.03    0.01    0.00    0.00    0.00    0.00    0.00    0.00
       0      36    6.49    6.46    5.87    4.48    2.95    1.80    1.06    0.63    0.30    0.09    0.01    0.00    0.00
       0      36   50.00   50.00   50.00   50.00   50.00   24.07    1.89    0.00    0.00    0.00    0.00    0.00    0.00
       0      37    4.84    4.81    4.22    2.82    1.29    0.03    0.01    0.00    0.00    0.00    0.00    0.00    0.00
       0      37    6.50    6.47    5.89    4.49    2.95    1.81    1.07    0.63    0.30    0.09    0.01    0.00    0.00
       0      37   50.00   50.00   50.00   50.00   50.00   24.19    1.96    0.00    0.00    0.00    0.00    0.00    0.00
       0      38    4.86    4.83    4.24    2.84    1.30    0.03    0.01    0.00    0.00    0.00    0.00    0.00    0.00
       0      38    6.53    6.49    5.91    4.50    2.96    1.81    1.07    0.63    0.31    0.09    0.01    0.00    0.00
       0      38   50.00   50.00   50.00   50.00   50.00   24.36    2.07    0.00    0.00    0.00    0.00    0.00    0.00
       0      39    4.89    4.86    4.27    2.86    1.31    0.03    0.01    0.00    0.00    0.00    0.00    0.00    0.00
       0      39    6.56    6.53    5.94    4.53    2.98    1.82    1.07    0.63    0.31    0.09    0.01    0.00    0.00
       0      39   50.00   50.00   50.00   50.00   50.00   24.65    2.24    0.00    0.00    0.00    0.00    0.00    0.00
       0      40    4.96    4.93    4.34    2.91    1.35    0.03    0.01    0.00    0.00    0.00    0.00    0.00    0.00
       0      40    6.63    6.59    6.00    4.58    3.01    1.84    1.09    0.64    0.31    0.09    0.01    0.00    0.00
       0      40   50.00   50.00   50.00   50.00   50.00   25.22    2.58    0.00    0.00    0.00    0.00    0.00    0.00
       0      41    5.08    5.04    4.44    2.99    1.40    0.03    0.01    0.00    0.00    0.00    0.00    0.00    0.00
       0      41    6.74    6.71    6.11    4.66    3.07    1.87    1.11    0.65    0.32    0.09    0.01    0.00    0.00
       0      41   50.00   50.00   50.00   50.00   50.00   26.20    3.15    0.00    0.00    0.00    0.00    0.00    0.00
       0      42    5.21    5.18    4.57    3.09    1.46    0.04    0.01    0.00    0.00    0.00    0.00    0.00    0.00
       0      42    6.88    6.84    6.23    4.76    3.13    1.91    1.13    0.67    0.32    0.09    0.01    0.00    0.00
       0      42   50.00   50.00   50.00   50.00   50.00   27.34    3.83    0.00    0.00    0.00    0.00    0.00    0.00
       0      43    5.32    5.29    4.67    3.17    1.52    0.04    0.01    0.00    0.00    0.00    0.00    0.00    0.00
       0      43    6.99    6.96    6.34    4.84    3.18    1.94    1.15    0.68    0.33    0.09    0.01    0.00    0.00
       0      43   50.00   50.00   50.00   50.00   50.00   28.31    4.40    0.00    0.00    0.00    0.00    0.00    0.00
       0      44    5.41    5.38    4.75    3.23    1.56    0.04    0.01    0.00    0.00    0.00    0.00    0.00    0.00
       0      44    7.08    7.04    6.42    4.90    3.22    1.97    1.16    0.69    0.33    0.10    0.01    0.00    0.00
       0      44   50.00   50.00   50.00   50.00   50.00   29.03    4.82    0.00    0.00    0.00    0.00    0.00    0.00
       0      45    5.48    5.44    4.81    3.28    1.59    0.04    0.01    0.00    0.00    0.00    0.00    0.00    0.00
       0      45    7.14    7.11    6.48    4.94    3.25    1.99    1.17    0.69    0.34    0.10    0.01    0.00    0.00
       0      45   50.00   50.00   50.00   50.00   50.00   29.59    5.16    0.00    0.00    0.00    0.00    0.00    0.00
       0      46    5.50    5.47    4.84    3.30    1.60    0.04    0.01    0.00    0.00    0.00    0.00    0.00    0.00
       0      46    7.17    7.14    6.51    4.97    3.27    1.99    1.18    0.70    0.34    0.10    0.01    0.00    0.00
       0      46   50.00   50.00   50.00   50.00   50.00   29.84    5.30    0.00    0.00    0.00    0.00    0.00    0.00
       0      47    5.53    5.49    4.86    3.31    1.61    0.04    0.01    0.00    0.00    0.00    0.00    0.00    0.00
       0      47    7.19    7.16    6.53    4.98    3.28    2.00    1.18    0.70    0.34    0.10    0.01    0.00    0.00
       0      47   50.00   50.00   50.00   50.00   50.00   30.02    5.41    0.00    0.00    0.00    0.00    0.00    0.00
       0      48    5.54    5.50    4.87    3.32    1.62    0.04    0.01    0.00    0.00    0.00    0.00    0.00    0.00
       0      48    7.20    7.17    6.54    4.99    3.28    2.00    1.18    0.70    0.34    0.10    0.01    0.00    0.00
       0      48   50.00   50.00   50.00   50.00   50.00   30.11    5.46    0.00    0.00    0.00    0.00    0.00    0.00
       0      49    5.55    5.51    4.88    3.33    1.62    0.04    0.01    0.00    0.00    0.00    0.00    0.00    0.00
       0      49    7.21    7.18    6.55    4.99    3.29    2.01    1.18    0.70    0.34    0.10    0.01    0.00    0.00
       0      49   50.00   50.00   50.00   50.00   50.00   30.18    5.51    0.00    0.00    0.00    0.00    0.00    0.00
       0      50    5.56    5.52    4.89    3.34    1.63    0.04    0.01    0.00    0.00    0.00    0.00    0.00    0.00
       0      50    7.23    7.19    6.56    5.00    3.29    2.01    1.19    0.70    0.34    0.10    0.01    0.00    0.00
       0      50   50.00   50.00   50.00   50.00   50.00   30.29    5.57    0.00    0.00    0.00    0.00    0.00    0.00
       0      51    5.58    5.55    4.91    3.35    1.64    0.04    0.01    0.00    0.00    0.00    0.00    0.00    0.00
       0      51    7.25    7.21    6.58    5.02    3.30    2.02    1.19    0.70    0.34    0.10    0.01    0.00    0.00
       0      51   50.00   50.00   50.00   50.00   50.00   30.48    5.68    0.00    0.00    0.00    0.00    0.00    0.00
       0      52    5.63    5.59    4.96    3.39    1.66    0.04    0.01    0.00    0.00    0.00    0.00    0.00    0.00
       0      52    7.29    7.26    6.62    5.05    3.32    2.03    1.20    0.71    0.34    0.10    0.01    0.00    0.00
       0      52   50.00   50.00   50.00   50.00   50.00   30.85    5.90    0.00    0.00    0.00    0.00    0.00    0.00
       0      53    5.71    5.67    5.03    3.44    1.70    0.04    0.01    0.00    0.00    0.00    0.00    0.00    0.00
       0      53    7.37    7.34    6.70    5.11    3.36    2.05    1.21    0.72    0.35    0.10    0.01    0.00    0.00
       0      53   50.00   50.00   50.00   50.00   50.00   31.53    6.30    0.00    0.00    0.00    0.00    0.00    0.00
       0      54    5.80    5.77    5.12    3.51    1.74    0.04    0.01    0.00    0.00    0.00    0.00    0.00    0.00
       0      54    7.47    7.43    6.79    5.18    3.41    2.08    1.23    0.73    0.35    0.10    0.01    0.00    0.00
       0      54   50.00   50.00   50.00   50.00   50.00   32.34    6.78    0.00    0.00    0.00    0.00    0.00    0.00
       0      55    5.88    5.85    5.20    3.57    1.78    0.04    0.01    0.00    0.00    0.00    0.00    0.00    0.00
       0      55    7.55    7.51    6.86    5.24    3.45    2.10    1.24    0.74    0.36    0.10    0.01    0.00    0.00
       0      55   50.00   50.00   50.00   50.00   50.00   33.03    7.19    0.00    0.00    0.00    0.00    0.00    0.00
       0      56    5.94    5.91    5.25    3.61    1.81    0.04    0.01    0.00    0.00    0.00    0.00    0.00    0.00
       0      56    7.61    7.57    6.92    5.28    3.47    2.12    1.25    0.74    0.36    0.10    0.01    0.00    0.00
       0      56   50.00   50.00   50.00   50.00   50.00   33.55    7.50    0.00    0.00    0.00    0.00    0.00    0.00
       0      57    5.99    5.96    5.30    3.65    1.83    0.04    0.01    0.00    0.00    0.00    0.00    0.00    0.00
       0      57    7.66    7.62    6.96    5.31    3.50    2.13    1.26    0.75    0.36    0.10    0.01    0.00    0.00
       0      57   50.00   50.00   50.00   50.00   50.00   33.95    7.74    0.00    0.00    0.00    0.00    0.00    0.00
       0      58    6.01    5.98    5.32    3.66    1.84    0.04    0.01    0.00    0.00    0.00    0.00    0.00    0.00
       0      58    7.68    7.64    6.98    5.33    3.51    2.14    1.26    0.75    0.36    0.10    0.01    0.00    0.00
       0      58   50.00   50.00   50.00   50.00   50.00   34.13    7.84    0.00    0.00    0.00    0.00    0.00    0.00
       0      59    6.03    5.99    5.33    3.67    1.85    0.04    0.01    0.00    0.00    0.00    0.00    0.00    0.00
       0      59    7.69    7.66    7.00    5.34    3.51    2.14    1.26    0.75    0.36    0.10    0.01    0.00    0.00
       0      59   50.00   50.00   50.00   50.00   50.00   34.26    7.92    0.00    0.00    0.00    0.00    0.00    0.00
       0      60    6.04    6.00    5.34    3.68    1.85    0.04    0.01    0.00    0.00    0.00    0.00    0.00    0.00
       0      60    7.70    7.66    7.01    5.34    3.52    2.14    1.27    0.75    0.36    0.10    0.01    0.00    0.00
       0      60   50.00   50.00   50.00   50.00   50.00   34.32    7.95    0.00    0.00    0.00    0.00    0.00    0.00
       0      61    6.04    6.00    5.34    3.68    1.85    0.04    0.01    0.00    0.00    0.00    0.00    0.00    0.00
       0      61    7.71    7.67    7.01    5.35    3.52    2.15    1.27    0.75    0.37    0.10    0.01    0.00    0.00
       0      61   50.00   50.00   50.00   50.00   50.00   34.37    7.98    0.00    0.00    0.00    0.00    0.00    0.00
       0      62    6.05    6.01    5.35    3.69    1.86    0.04    0.01    0.00    0.00    0.00    0.00    0.00    0.00
       0      62    7.72    7.68    7.02    5.36    3.52    2.15    1.27    0.75    0.37    0.10    0.01    0.00    0.00
       0      62   50.00   50.00   50.00   50.00   50.00   34.44    8.03    0.00    0.00    0.00    0.00    0.00    0.00
       0      63    6.07    6.03    5.37    3.70    1.87    0.04    0.01    0.00    0.00    0.00    0.00    0.00    0.00
       0      63    7.73    7.69    7.03    5.37    3.53    2.15    1.27    0.75    0.37    0.10    0.01    0.00    0.00
       0      63   50.00   50.00   50.00   50.00   50.00   34.57    8.10    0.00    0.00    0.00    0.00    0.00    0.00
       0      64    6.10    6.06    5.40    3.72    1.88    0.04    0.01    0.00    0.00    0.00    0.00    0.00    0.00
       0      64    7.77    7.73    7.06    5.39    3.55    2.16    1.28    0.76    0.37    0.10    0.01    0.00    0.00
       0      64   50.00   50.00   50.00   50.00   50.00   34.85    8.26    0.00    0.00    0.00    0.00    0.00    0.00
       0      65    6.16    6.12    5.45    3.77    1.91    0.04    0.01    0.00    0.00    0.00    0.00    0.00    0.00
       0      65    7.83    7.78    7.12    5.43    3.58    2.18    1.29    0.76    0.37    0.11    0.01    0.00    0.00
       0      65   50.00   50.00   50.00   50.00   50.00   35.36    8.57    0.00    0.00    0.00    0.00    0.00    0.00
       0      66    6.23    6.19    5.52    3.82    1.94    0.04    0.01    0.00    0.00    0.00    0.00    0.00    0.00
       0      66    7.90    7.86    7.19    5.48    3.61    2.20    1.30    0.77    0.37    0.11    0.01    0.00    0.00
       0      66   50.00   50.00   50.00   50.00   50.00   35.97    8.93    0.00    0.00    0.00    0.00    0.00    0.00
       0      67    6.29    6.25    5.58    3.86    1.97    0.04    0.01    0.00    0.00    0.00    0.00    0.00    0.00
       0      67    7.96    7.92    7.25    5.53    3.64    2.22    1.31    0.78    0.38    0.11    0.01    0.00    0.00
       0      67   50.00   50.00   50.00   50.00   50.00   36.50    9.24    0.00    0.00    0.00    0.00    0.00    0.00
       0      68    6.34    6.30    5.63    3.90    2.00    0.04    0.01    0.00    0.00    0.00    0.00    0.00    0.00
       0      68    8.01    7.97    7.29    5.56    3.66    2.23    1.32    0.78    0.38    0.11    0.01    0.00    0.00
       0      68   50.00   50.00   50.00   50.00   50.00   36.90    9.48    0.00    0.00    0.00    0.00    0.00    0.00
       0      69    6.38    6.34    5.66    3.92    2.01    0.04    0.01    0.00    0.00    0.00    0.00    0.00    0.00
       0      69    8.04    8.00    7.33    5.59    3.68    2.24    1.32    0.79    0.38    0.11    0.01    0.00    0.00
       0      69   50.00   50.00   50.00   50.00   50.00   37.21    9.66    0.00    0.00    0.00    0.00    0.00    0.00
       0      70    6.39    6.35    5.67    3.93    2.02    0.04    0.01    0.00    0.00    0.00    0.00    0.00    0.00
       0      70    8.06    8.02    7.34    5.60    3.69    2.24    1.32    0.79    0.38    0.11    0.01    0.00    0.00
       0      70   50.00   50.00   50.00   50.00   50.00   37.35    9.74    0.00    0.00    0.00    0.00    0.00    0.00
       0      71    6.41    6.36    5.69    3.94    2.03    0.04    0.01    0.00    0.00    0.00    0.00    0.00    0.00
       0      71    8.07    8.03    7.35    5.61    3.69    2.25    1.33    0.79    0.38    0.11    0.01    0.00    0.00
       0      71   50.00   50.00   50.00   50.00   50.00   37.44    9.80    0.00    0.00    0.00    0.00    0.00    0.00
       0      72    6.41    6.37    5.69    3.95    2.03    0.04    0.01    0.00    0.00    0.00    0.00    0.00    0.00
       0      72    8.08    8.03    7.36    5.61    3.70    2.25    1.33    0.79    0.38    0.11    0.01    0.00    0.00
       0      72   50.00   50.00   50.00   50.00   50.00   37.49    9.83    0.00    0.00    0.00    0.00    0.00    0.00
       0      73    6.42    6.37    5.70    3.95    2.03    0.04    0.01    0.00    0.00    0.00    0.00    0.00    0.00
       0      73    8.08    8.04    7.36    5.62    3.70    2.25    1.33    0.79    0.38    0.11    0.01    0.00    0.00
       0      73   50.00   50.00   50.00   50.00   50.00   37.53    9.85    0.00    0.00    0.00    0.00    0.00    0.00
       0      74    6.42    6.38    5.70    3.95    2.03    0.04    0.01    0.00    0.00    0.00    0.00    0.00    0.00
       0      74    8.09    8.04    7.37    5.62    3.70    2.25    1.33    0.79    0.38    0.11    0.01    0.00    0.00
       0      74   50.00   50.00   50.00   50.00   50.00   37.58    9.88    0.00    0.00    0.00    0.00    0.00    0.00
       0      75    6.44    6.39    5.71    3.96    2.04    0.04    0.01    0.00    0.00    0.00    0.00    0.00    0.00
       0      75    8.10    8.06    7.38    5.63    3.71    2.26    1.33    0.79    0.39    0.11    0.01    0.00    0.00
       0      75   50.00   50.00   50.00   50.00   50.00   37.68    9.94    0.00    0.00    0.00    0.00    0.00    0.00
       0      76    6.46    6.41    5.74    3.98    2.05    0.04    0.01    0.00    0.00    0.00    0.00    0.00    0.00
       0      76    8.13    8.08    7.40    5.65    3.72    2.26    1.34    0.79    0.39    0.11    0.01    0.00    0.00
       0      76   50.00   50.00   50.00   50.00   50.00   37.89   10.07    0.00    0.00    0.00    0.00    0.00    0.00
       0      77    6.51    6.46    5.78    4.02    2.07    0.05    0.01    0.00    0.00    0.00    0.00    0.00    0.00
       0      77    8.18    8.13    7.45    5.68    3.74    2.28    1.34    0.80    0.39    0.11    0.01    0.00    0.00
       0      77   50.00   50.00   50.00   50.00   50.00   38.30   10.30    0.00    0.00    0.00    0.00    0.00    0.00
       0      78    6.57    6.52    5.84    4.06    2.10    0.05    0.01    0.00    0.00    0.00    0.00    0.00    0.00
       0      78    8.23    8.19    7.50    5.72    3.77    2.29    1.35    0.80    0.39    0.11    0.01    0.00    0.00
       0      78   50.00   50.00   50.00   50.00   50.00   38.79   10.60    0.00    0.00    0.00    0.00    0.00    0.00
       0      79    6.62    6.57    5.88    4.09    2.13    0.05    0.01    0.00    0.00    0.00    0.00    0.00    0.00
       0      79    8.28    8.23    7.55    5.76    3.79    2.31    1.36    0.81    0.39    0.11    0.01    0.00    0.00
       0      79   50.00   50.00   50.00   50.00   50.00   39.22   10.85    0.00    0.00    0.00    0.00    0.00    0.00
       0      80    6.66    6.61    5.92    4.12    2.14    0.05    0.01    0.00    0.00    0.00    0.00    0.00    0.00
       0      80    8.32    8.27    7.59    5.79    3.81    2.32    1.37    0.81    0.40    0.11    0.01    0.00    0.00
       0      80   50.00   50.00   50.00   50.00   50.00   39.54   11.04    0.00    0.00    0.00    0.00    0.00    0.00
       0      81    6.69    6.63    5.95    4.14    2.16    0.05    0.01    0.00    0.00    0.00    0.00    0.00    0.00
       0      81    8.35    8.30    7.61    5.81    3.82    2.33    1.37    0.82    0.40    0.11    0.01    0.00    0.00
       0      81   50.00   50.00   50.00   50.00   50.00   39.79   11.19    0.00    0.00    0.00    0.00    0.00    0.00
       0      82    6.70    6.65    5.96    4.15    2.16    0.05    0.01    0.00    0.00    0.00    0.00    0.00    0.00
       0      82    8.37    8.31    7.63    5.82    3.83    2.33    1.38    0.82    0.40    0.11    0.01    0.00    0.00
       0      82   50.00   50.00   50.00   50.00   50.00   39.90   11.25    0.00    0.00    0.00    0.00    0.00    0.00
       0      83    6.71    6.66    5.97    4.16    2.17    0.05    0.01    0.00    0.00    0.00    0.00    0.00    0.00
       0      83    8.38    8.32    7.64    5.82    3.83    2.33    1.38    0.82    0.40    0.11    0.01    0.00    0.00
       0      83   50.00   50.00   50.00   50.00   50.00   39.97   11.30    0.00    0.00    0.00    0.00    0.00    0.00
       0      84    6.71    6.66    5.97    4.16    2.17    0.05    0.01    0.00    0.00    0.00    0.00    0.00    0.00
       0      84    8.38    8.33    7.64    5.83    3.84    2.33    1.38    0.82    0.40    0.11    0.01    0.00    0.00
       0      84   50.00   50.00   50.00   50.00   50.00   40.01   11.32    0.00    0.00    0.00    0.00    0.00    0.00
       0      85    6.72    6.66    5.98    4.16    2.17    0.05    0.01    0.00    0.00    0.00    0.00    0.00    0.00
       0      85    8.38    8.33    7.64    5.83    3.84    2.33    1.38    0.82    0.40    0.11    0.01    0.00    0.00
       0      85   50.00   50.00   50.00   50.00   50.00   40.04   11.34    0.00    0.00    0.00    0.00    0.00    0.00
       0      86    6.72    6.67    5.98    4.17    2.17    0.05    0.01    0.00    0.00    0.00    0.00    0.00    0.00
       0      86    8.39    8.34    7.65    5.83    3.84    2.34    1.38    0.82    0.40    0.11    0.01    0.00    0.00
       0      86   50.00   50.00   50.00   50.00   50.00   40.08   11.36    0.00    0.00    0.00    0.00    0.00    0.00
       0      87    6.73    6.68    5.99    4.17    2.18    0.05    0.01    0.00    0.00    0.00    0.00    0.00    0.00
       0      87    8.40    8.34    7.66    5.84    3.85    2.34    1.38    0.82    0.40    0.11    0.01    0.00    0.00
       0      87   50.00   50.00   50.00   50.00   50.00   40.16   11.41    0.00    0.00    0.00    0.00    0.00    0.00
       0      88    6.75    6.70    6.01    4.19    2.19    0.05    0.01    0.00    0.00    0.00    0.00    0.00    0.00
       0      88    8.42    8.36    7.68    5.86    3.86    2.34    1.38    0.82    0.40    0.11    0.01    0.00    0.00
       0      88   50.00   50.00   50.00   50.00   50.00   40.33   11.51    0.00    0.00    0.00    0.00    0.00    0.00
       0      89    6.79    6.74    6.05    4.22    2.21    0.05    0.01    0.00    0.00    0.00    0.00    0.00    0.00
       0      89    8.46    8.40    7.71    5.88    3.87    2.36    1.39    0.83    0.40    0.11    0.01    0.00    0.00
       0      89   50.00   50.00   50.00   50.00   50.00   40.67   11.71    0.00    0.00    0.00    0.00    0.00    0.00
       0      90    6.84    6.78    6.09    4.25    2.23    0.05    0.01    0.00    0.00    0.00    0.00    0.00    0.00
       0      90    8.51    8.45    7.76    5.92    3.90    2.37    1.40    0.83    0.41    0.12    0.01    0.00    0.00
       0      90   50.00   50.00   50.00   50.00   50.00   41.08   11.95    0.00    0.00    0.00    0.00    0.00    0.00
       0      91    6.88    6.82    6.13    4.28    2.25    0.05    0.01    0.00    0.00    0.00    0.00    0.00    0.00
       0      91    8.55    8.49    7.80    5.95    3.92    2.38    1.41    0.84    0.41    0.12    0.01    0.00    0.00
       0      91   50.00   50.00   50.00   50.00   50.00   41.43   12.16    0.00    0.00    0.00    0.00    0.00    0.00
       0      92    6.92    6.86    6.16    4.31    2.27    0.05    0.01    0.00    0.00    0.00    0.00    0.00    0.00
       0      92    8.58    8.52    7.83    5.97    3.93    2.39    1.41    0.84    0.41    0.12    0.01    0.00    0.00
       0      92   50.00   50.00   50.00   50.00   50.00   41.70   12.32    0.00    0.00    0.00    0.00    0.00    0.00
       0      93    6.94    6.88    6.19    4.32    2.28    0.05    0.01    0.00    0.00    0.00    0.00    0.00    0.00
       0      93    8.61    8.55    7.85    5.99    3.94    2.40    1.41    0.84    0.41    0.12    0.01    0.00    0.00
       0      93   50.00   50.00   50.00   50.00   50.00   41.91   12.44    0.00    0.00    0.00    0.00    0.00    0.00
       0      94    6.95    6.89    6.20    4.33    2.28    0.05    0.01    0.00    0.00    0.00    0.00    0.00    0.00
       0      94    8.62    8.56    7.86    6.00    3.95    2.40    1.42    0.84    0.41    0.12    0.01    0.00    0.00
       0      94   50.00   50.00   50.00   50.00   50.00   42.00   12.50    0.00    0.00    0.00    0.00    0.00    0.00
       0      95    6.96    6.90    6.20    4.34    2.29    0.05    0.01    0.00    0.00    0.00    0.00    0.00    0.00
       0      95    8.63    8.56    7.87    6.00    3.95    2.40    1.42    0.84    0.41    0.12    0.01    0.00    0.00
       0      95   50.00   50.00   50.00   50.00   50.00   42.06   12.53    0.00    0.00    0.00    0.00    0.00    0.00
       0      96    6.97    6.90    6.21    4.34    2.29    0.05    0.01    0.00    0.00    0.00    0.00    0.00    0.00
       0      96    8.63    8.57    7.87    6.01    3.95    2.40    1.42    0.85    0.41    0.12    0.01    0.00    0.00
       0      96   50.00   50.00   50.00   50.00   50.00   42.09   12.55    0.00    0.00    0.00    0.00    0.00    0.00
