  RESULTADOS DE DETERIORO PARA GRAFICACION 
 Datos del programa deterioro desde exce
           3
          1          3          3          3
          1          1          1          1
          0        216        150         40
         50        200        200
          0       1500          0          0          0          0          0          0
          1       1595         27          0          0          0          0        556
          1       1610         31          0          0          0          0       1112
          1       1627         36          0          0          0          0       1667
          1       1643         41          0          0          0          0       2224
          1       1653         43          0          0          0          0       2780
          1       1658         45          0          0          0          0       3336
          2       1662         46          0          0          0          0       3892
          2       1665         47          0          0          0          0       4448
          2       1669         48          0          0          0          0       5004
          2       1674         49          0          0          0          0       5560
          2       1679         51          0          0          0          0       6116
          2       1681         51          0          0          0          0       6672
          3       1683         52          0          0          0          0       7228
          3       1685         52          0          0          0          0       7784
          3       1687         53          0          0          0          0       8340
          3       1691         54          0          0          0          0       8896
          3       1694         55          0          0          0          0       9451
          3       1696         56          0          0          0          0      10007
          4       1697         56          0          0          0          0      10563
          4       1698         56          0          0          0          0      11119
          4       1700         57          0          0          0          0      11675
          4       1702         57          0          0          0          0      12231
          4       1704         58          0          0          0          0      12787
          4       1705         58          0          0          0          0      13343
          5       1706         58          0          0          0          0      13899
          5       1707         59          0          0          0          0      14455
          5       1708         59          0          0          0          0      15011
          5       1709         59          0          0          0          0      15567
          5       1710         60          0          0          0          0      16123
          5       1711         60          0          0          0          0      16679
          6       1712         60          0          0          0          0      17235
          6       1713         60          0          0          0          0      17791
          6       1714         61          0          0          0          0      18347
          6       1715         61          0          0          0          0      18903
          6       1716         61          0          0          0          0      19459
          6       1717         62          0          0          0          0      20015
          7       1717         62          0          0          0          0      20571
          7       1718         62          0          0          0          0      21127
          7       1719         62          0          0          0          0      21683
          7       1720         62          0          0          0          0      22239
          7       1721         63          0          0          0          0      22795
          7       1722         63          0          0          0          0      23351
          8       1722         63          0          0          0          0      23907
          8       1723         63          0          0          0          0      24463
          8       1724         64          0          0          0          0      25019
          8       1725         64          0          0          0          0      25575
          8       1726         64          0          0          0          0      26131
          8       1727         64          0          0          0          0      26687
          9       1728         65          0          0          0          0      27243
          9       1728         65          2          0          2          0      27799
          9       1729         65          3          0          3          0      28355
          9       1730         65          3          0          3          0      28911
          9       1732         66          3          0          3          0      29467
          9       1732         66          4          0          4          0      30023
         10       1733         66          5          0          5          0      30579
         10       1734         66          5          0          5          0      31135
         10       1735         67          6          0          6          0      31691
         10       1737         67          6          0          6          0      32247
         10       1738         68          6          0          6          0      32803
         10       1739         68          6          0          6          0      33359
         11       1740         68          6          0          6          0      33915
         11       1741         68          7          0          7          0      34471
         11       1742         69          7          0          7          0      35027
         11       1743         69          7          0          7          0      35583
         11       1745         70          7          0          7          0      36139
         11       1746         70          7          0          7          0      36695
         12       1747         70          8          0          8          0      37251
         12       1747         70          8          0          8          0      37807
         12       1749         71          8          0          8          0      38363
         12       1751         71          8          0          8          0      38919
         12       1752         72          8          0          8          0      39475
         12       1753         72          8          0          8          0      40031
         13       1754         72          8          0          8          0      40610
         13       1755         72          8          0          8          0      41188
         13       1756         73          8          0          8          0      41766
         13       1758         73          8          0          8          0      42344
         13       1760         74          8          0          8          0      42923
         13       1761         74          9          0          9          0      43501
         14       1761         74          9          0          9          0      44079
         14       1762         74          9          0          9          0      44657
         14       1763         75          9          0          9          0      45236
         14       1764         75          9          0          9          0      45814
         14       1765         75          9          0          9          0      46392
         14       1766         76          9          0          9          0      46970
         15       1767         76         10          0         10          0      47549
         15       1767         76         10          0         10          0      48127
         15       1768         76         10          0         10          0      48705
         15       1769         77         10          0         10          0      49283
         15       1770         77         10          0         10          0      49862
         15       1771         77         10          0         10          0      50440
         16       1771         77         11          0         11          0      51018
         16       1772         77         12          0         12          0      51596
         16       1773         78         12          0         12          0      52175
         16       1773         78         12          0         12          0      52753
         16       1774         78         12          0         12          0      53331
         16       1775         78         12          0         12          0      53909
         17       1775         78         13          0         13          0      54487
         17       1775         78         14          0         14          0      55066
         17       1776         78         14          0         14          0      55644
         17       1777         79         14          0         14          0      56222
         17       1777         79         14          0         14          0      56800
         17       1778         79         15          0         15          0      57379
         18       1778         79         15          0         15          0      57957
         18       1778         79         16          0         16          0      58535
         18       1779         79         16          0         16          0      59113
         18       1779         79         17          0         17          0      59692
         18       1780         80         17          0         17          0      60270
         18       1780         80         17          0         17          0      60848
         19       1781         80         18          0         18          0      61426
         19       1781         80         18          0         18          0      62005
         19       1781         80         19          0         19          0      62583
         19       1782         80         19          0         19          0      63161
         19       1783         80         19          0         19          0      63739
         19       1783         80         20          0         20          0      64318
         20       1783         81         20          0         20          0      64896
         20       1784         81         20          0         20          0      65474
         20       1784         81         21          0         21          0      66052
         20       1785         81         21          0         21          0      66631
         20       1786         81         21          0         21          0      67209
         20       1786         81         21          0         21          0      67787
         21       1786         81         21          0         21          0      68365
         21       1787         82         22          0         22          0      68943
         21       1787         82         22          0         22          0      69522
         21       1788         82         22          0         22          0      70100
         21       1789         82         22          0         22          0      70678
         21       1789         82         22          0         22          0      71256
         22       1790         82         22          0         22          0      71835
         22       1790         83         23          0         23          0      72413
         22       1791         83         23          0         23          0      72991
         22       1792         83         23          0         23          0      73569
         22       1793         83         23          0         23          0      74148
         22       1793         83         23          0         23          0      74726
         23       1794         84         23          0         23          0      75304
         23       1794         84         23          0         23          0      75882
         23       1795         84         23          0         23          0      76461
         23       1796         84         23          0         23          0      77039
         23       1797         84         23          0         23          0      77617
         23       1797         85         23          0         23          0      78195
         24       1798         85         23          0         23          0      78774
         24       1798         85         23          0         23          0      79352
         24       1799         85         23          0         23          0      79930
         24       1800         85         23          0         23          0      80508
         24       1801         86         23          0         23          0      81086
         24       1802         86         23          0         23          0      81665
         25       1802         86         23          0         23          0      82266
         25       1803         86         24          0         24          0      82867
         25       1803         86         24          0         24          0      83469
         25       1805         87         24          0         24          0      84070
         25       1806         87         24          0         24          0      84672
         25       1806         87         24          0         24          0      85273
         26       1807         87         24          0         24          0      85874
         26       1807         87         24          0         24          0      86476
         26       1808         88         24          0         24          0      87077
         26       1809         88         24          0         24          0      87678
         26       1810         88         24          0         24          0      88280
         26       1810         88         24          0         24          0      88881
         27       1811         88         24          0         24          0      89482
         27       1811         89         24          0         24          0      90084
         27       1812         89         24          0         24          0      90685
         27       1812         89         24          0         24          0      91287
         27       1813         89         24          0         24          0      91888
         27       1814         89         24          0         24          0      92489
         28       1814         89         24          0         24          0      93091
         28       1814         89         25          0         25          0      93692
         28       1815         90         25          0         25          0      94293
         28       1815         90         25          0         25          0      94895
         28       1816         90         25          0         25          0      95496
         28       1816         90         25          0         25          0      96098
         29       1817         90         25          0         25          0      96699
         29       1817         90         25          0         25          0      97300
         29       1817         90         26          0         26          0      97902
         29       1818         90         26          0         26          0      98503
         29       1818         91         26          0         26          0      99104
         29       1819         91         26          0         26          0      99706
         30       1819         91         26          0         26          0     100307
         30       1819         91         27          0         27          0     100908
         30       1819         91         27          0         27          0     101510
         30       1820         91         27          0         27          0     102111
         30       1820         91         27          0         27          0     102713
         30       1821         91         27          0         27          0     103314
         31       1821         91         28          0         28          0     103915
         31       1821         91         28          0         28          0     104517
         31       1822         92         28          0         28          0     105118
         31       1822         92         28          0         28          0     105719
         31       1822         92         28          0         28          0     106321
         31       1823         92         28          0         28          0     106922
         32       1823         92         28          0         28          0     107523
         32       1823         92         29          0         29          0     108125
         32       1824         92         29          0         29          0     108726
         32       1824         92         29          0         29          0     109328
         32       1825         92         29          0         29          0     109929
         32       1825         93         29          0         29          0     110530
         33       1825         93         29          0         29          0     111132
         33       1826         93         29          0         29          0     111733
         33       1826         93         29          0         29          0     112334
         33       1827         93         29          0         29          0     112936
         33       1827         93         30          0         30          0     113537
         33       1829         93         30          0         30          1     114139
         34       1830         93         30          0         30          2     114740
         34       1832         93         30          0         30          3     115341
         34       1832         94         30          0         30          3     115943
         34       1833         94         30          0         30          3     116544
         34       1834         94         30          0         30          3     117145
         34       1834         94         30          0         30          4     117747
         35       1836         94         30          0         30          4     118348
         35       1837         94         30          0         30          5     118949
         35       1837         94         30          0         30          5     119551
         35       1838         95         30          0         30          5     120152
         35       1839         95         30          0         30          5     120754
         35       1839         95         30          0         30          5     121355
         36       1840         95         30          0         30          6     121956
         36       1841         95         30          0         30          6     122558
         36       1842         95         30          0         30          6     123159
         36       1843         96         30          0         30          6     123760
         36       1843         96         30          0         30          6     124362
         36       1844         96         30          0         30          6     124963
         37       1845         96         30          0         30          7     125589
         37       1845         96         30          0         30          7     126214
         37       1846         96         30          0         30          7     126839
         37       1847         97         30          0         30          7     127465
         37       1848         97         30          0         30          7     128090
         37       1848         97         30          0         30          7     128716
         38       1849         97         30          0         30          8     129341
         38       1850         97         30          0         30          8     129966
         38       1850         97         30          0         30          8     130592
         38       1851         97         30          0         30          8     131217
         38       1852         98         30          0         30          8     131843
         38       1852         98         30          0         30          8     132468
         39       1853         98         30          0         30          9     133094
         39       1854         98         31          0         31         10     133719
         39       1855         98         31          0         31         10     134344
         39       1856         98         31          0         31         10     134970
         39       1856         98         31          0         31         10     135595
         39       1857         99         31          0         31         10     136221
         40       1858         99         31          0         31         11     136846
         40       1860         99         31          0         31         13     137471
         40       1861         99         31          0         31         13     138097
         40       1861         99         31          0         31         13     138722
         40       1862         99         31          0         31         13     139348
         40       1863         99         31          0         31         14     139973
         41       1865         99         31          0         31         16     140599
         41       1867         99         31          0         31         17     141224
         41       1868         99         31          0         31         19     141849
         41       1869        100         31          0         31         19     142475
         41       1870        100         31          0         31         19     143100
         41       1871        100         32          0         32         21     143726
         42       1873        100         32          0         32         22     144351
         42       1875        100         32          0         32         24     144976
         42       1877        100         32          0         32         25     145602
         42       1878        100         32          0         32         26     146227
         42       1879        100         32          0         32         27     146853
         42       1880        100         32          0         32         28     147478
         43       1882        100         32          0         32         29     148104
         43       1884        100         33          0         33         31     148729
         43       1885        100         33          0         33         32     149354
         43       1886        101         33          0         33         32     149980
         43       1887        101         33          0         33         33     150605
         43       1888        101         33          0         33         34     151231
         44       1890        101         33          0         33         35     151856
         44       1892        101         33          0         33         37     152481
         44       1893        101         33          0         33         37     153107
         44       1893        101         33          0         33         37     153732
         44       1894        101         33          0         33         38     154358
         44       1895        101         33          0         33         39     154983
         45       1896        101         34          0         34         40     155609
         45       1898        101         34          0         34         41     156234
         45       1898        102         34          0         34         41     156859
         45       1899        102         34          0         34         41     157485
         45       1899        102         34          0         34         42     158110
         45       1900        102         34          0         34         42     158736
         46       1901        102         34          0         34         43     159361
         46       1902        102         34          0         34         43     159986
         46       1903        102         34          0         34         43     160612
         46       1903        102         34          0         34         44     161237
         46       1904        102         34          0         34         44     161863
         46       1904        103         34          0         34         44     162488
         47       1905        103         34          0         34         44     163114
         47       1906        103         34          0         34         45     163739
         47       1906        103         34          0         34         45     164364
         47       1907        103         34          0         34         45     164990
         47       1908        103         34          0         34         45     165615
         47       1908        103         34          0         34         45     166241
         48       1909        103         34          0         34         45     166866
         48       1909        103         34          0         34         45     167491
         48       1910        104         34          0         34         45     168117
         48       1910        104         34          0         34         45     168742
         48       1911        104         34          0         34         45     169368
         48       1911        104         34          0         34         46     169993
         49       1912        104         34          0         34         46     170644
         49       1913        104         34          0         34         46     171294
         49       1913        104         34          0         34         46     171944
         49       1914        105         34          0         34         46     172595
         49       1914        105         34          0         34         46     173245
         49       1915        105         34          0         34         46     173896
         50       1915        105         34          0         34         46     174546
         50       1916        105         34          0         34         47     175197
         50       1916        105         34          0         34         47     175847
         50       1917        105         34          0         34         47     176497
         50       1918        105         34          0         34         47     177148
         50       1918        106         34          0         34         47     177798
         51       1919        106         34          0         34         47     178449
         51       1919        106         34          0         34         48     179099
         51       1920        106         34          0         34         48     179750
         51       1920        106         34          0         34         48     180400
         51       1921        106         34          0         34         48     181050
         51       1921        106         34          0         34         48     181701
         52       1922        106         34          0         34         49     182351
         52       1923        106         34          0         34         49     183002
         52       1924        106         35          0         35         50     183652
         52       1925        107         35          0         35         50     184303
         52       1925        107         35          0         35         50     184953
         52       1926        107         35          0         35         50     185604
         53       1927        107         35          0         35         51     186254
         53       1928        107         35          0         35         53     186904
         53       1929        107         35          0         35         53     187555
         53       1930        107         35          0         35         53     188205
         53       1931        107         35          0         35         54     188856
         53       1932        107         35          0         35         54     189506
         54       1933        107         35          0         35         56     190157
         54       1935        107         35          0         35         57     190807
         54       1936        107         35          0         35         58     191457
         54       1936        108         35          0         35         58     192108
         54       1937        108         35          0         35         59     192758
         54       1938        108         35          0         35         59     193409
         55       1939        108         36          0         36         60     194059
         55       1941        108         36          0         36         62     194710
         55       1942        108         36          0         36         62     195360
         55       1942        108         36          0         36         62     196011
         55       1943        108         36          0         36         63     196661
         55       1944        108         36          0         36         64     197311
         56       1945        108         36          0         36         65     197962
         56       1946        108         36          0         36         66     198612
         56       1947        108         36          0         36         66     199263
         56       1947        108         36          0         36         66     199913
         56       1948        109         36          0         36         66     200564
         56       1949        109         36          0         36         67     201214
         57       1950        109         36          0         36         68     201864
         57       1951        109         36          0         36         68     202515
         57       1951        109         36          0         36         69     203165
         57       1952        109         36          0         36         69     203816
         57       1952        109         36          0         36         69     204466
         57       1953        109         36          0         36         69     205117
         58       1954        109         37          0         37         70     205767
         58       1954        109         37          0         37         70     206417
         58       1955        109         37          0         37         70     207068
         58       1955        110         37          0         37         70     207718
         58       1956        110         37          0         37         70     208369
         58       1956        110         37          0         37         70     209019
         59       1957        110         37          0         37         71     209670
         59       1957        110         37          0         37         71     210320
         59       1958        110         37          0         37         71     210971
         59       1958        110         37          0         37         71     211621
         59       1959        110         37          0         37         71     212271
         59       1959        110         37          0         37         71     212922
         60       1960        110         37          0         37         71     213572
         60       1960        110         37          0         37         72     214223
         60       1960        111         37          0         37         72     214873
         60       1961        111         37          0         37         72     215524
         60       1961        111         37          0         37         72     216174
         60       1962        111         37          0         37         72     216824
         61       1962        111         37          0         37         72     217501
         61       1963        111         37          0         37         72     218177
         61       1963        111         37          0         37         72     218854
         61       1964        111         37          0         37         72     219530
         61       1964        112         37          0         37         72     220207
         61       1965        112         37          0         37         72     220883
         62       1965        112         37          0         37         72     221560
         62       1966        112         37          0         37         72     222236
         62       1966        112         37          0         37         72     222913
         62       1966        112         37          0         37         72     223589
         62       1967        112         37          0         37         72     224265
         62       1967        112         37          0         37         73     224942
         63       1968        112         37          0         37         73     225618
         63       1968        112         37          0         37         73     226295
         63       1969        113         37          0         37         73     226971
         63       1969        113         37          0         37         73     227648
         63       1970        113         37          0         37         73     228324
         63       1970        113         37          0         37         73     229001
         64       1971        113         37          0         37         74     229677
         64       1972        113         37          0         37         74     230354
         64       1972        113         37          0         37         75     231030
         64       1973        113         37          0         37         75     231706
         64       1973        113         37          0         37         75     232383
         64       1973        113         37          0         37         75     233059
         65       1974        113         37          0         37         76     233736
         65       1976        113         37          0         37         77     234412
         65       1976        114         37          0         37         77     235089
         65       1977        114         37          0         37         77     235765
         65       1977        114         37          0         37         77     236442
         65       1978        114         37          0         37         78     237118
         66       1979        114         37          0         37         79     237795
         66       1980        114         38          0         38         80     238471
         66       1981        114         38          0         38         81     239147
         66       1982        114         38          0         38         81     239824
         66       1982        114         38          0         38         81     240500
         66       1983        114         38          0         38         82     241177
         67       1984        114         38          0         38         83     241853
         67       1985        114         38          0         38         83     242530
         67       1986        114         38          0         38         84     243206
         67       1986        114         38          0         38         84     243883
         67       1987        115         38          0         38         84     244559
         67       1988        115         38          0         38         85     245235
         68       1989        115         38          0         38         86     245912
         68       1990        115         38          0         38         86     246588
         68       1990        115         38          0         38         87     247265
         68       1990        115         38          0         38         87     247941
         68       1991        115         38          0         38         87     248618
         68       1992        115         38          0         38         87     249294
         69       1992        115         38          0         38         88     249971
         69       1993        115         38          0         38         89     250647
         69       1994        115         38          0         38         89     251324
         69       1994        115         38          0         38         89     252000
         69       1994        115         38          0         38         89     252676
         69       1995        115         38          0         38         89     253353
         70       1996        116         38          0         38         89     254029
         70       1996        116         39          0         39         90     254706
         70       1997        116         39          0         39         90     255382
         70       1997        116         39          0         39         90     256059
         70       1997        116         39          0         39         90     256735
         70       1998        116         39          0         39         90     257412
         71       1998        116         39          0         39         90     258088
         71       1999        116         39          0         39         91     258765
         71       1999        116         39          0         39         91     259441
         71       1999        116         39          0         39         91     260117
         71       2000        116         39          0         39         91     260794
         71       2000        116         39          0         39         91     261470
         72       2000        117         39          0         39         91     262147
         72       2001        117         39          0         39         91     262823
         72       2001        117         39          0         39         91     263500
         72       2002        117         39          0         39         91     264176
         72       2002        117         39          0         39         91     264853
         72       2002        117         39          0         39         91     265529
         73       2003        117         39          0         39         91     266233
         73       2003        117         39          0         39         91     266936
         73       2004        117         39          0         39         91     267640
         73       2004        117         39          0         39         91     268343
         73       2005        118         39          0         39         91     269047
         73       2005        118         39          0         39         91     269750
         74       2005        118         39          0         39         91     270454
         74       2006        118         39          0         39         92     271157
         74       2006        118         39          0         39         92     271861
         74       2006        118         39          0         39         92     272564
         74       2007        118         39          0         39         92     273268
         74       2007        118         39          0         39         92     273971
         75       2008        118         39          0         39         92     274675
         75       2008        118         39          0         39         92     275378
         75       2008        118         39          0         39         92     276082
         75       2009        119         39          0         39         92     276785
         75       2009        119         39          0         39         92     277489
         75       2010        119         39          0         39         92     278192
         76       2010        119         39          0         39         93     278896
         76       2011        119         39          0         39         93     279599
         76       2011        119         39          0         39         93     280303
         76       2012        119         39          0         39         93     281006
         76       2012        119         39          0         39         93     281710
         76       2012        119         39          0         39         93     282413
         77       2013        119         39          0         39         94     283117
         77       2014        119         39          0         39         95     283820
         77       2015        119         39          0         39         95     284524
         77       2015        119         39          0         39         95     285227
         77       2015        120         39          0         39         95     285931
         77       2016        120         39          0         39         96     286634
         78       2017        120         39          0         39         97     287338
         78       2018        120         39          0         39         97     288042
         78       2019        120         39          0         39         98     288745
         78       2019        120         39          0         39         98     289449
         78       2020        120         39          0         39         98     290152
         78       2020        120         39          0         39         99     290856
         79       2021        120         39          0         39         99     291559
         79       2022        120         40          0         40        100     292263
         79       2023        120         40          0         40        100     292966
         79       2023        120         40          0         40        101     293670
         79       2023        120         40          0         40        101     294373
         79       2024        120         40          0         40        101     295077
         80       2025        120         40          0         40        102     295780
         80       2026        120         40          0         40        102     296484
         80       2026        120         40          0         40        103     297187
         80       2026        121         40          0         40        103     297891
         80       2027        121         40          0         40        103     298594
         80       2027        121         40          0         40        103     299298
         81       2028        121         40          0         40        104     300001
         81       2029        121         40          0         40        104     300705
         81       2029        121         40          0         40        104     301408
         81       2029        121         40          0         40        104     302112
         81       2030        121         40          0         40        104     302815
         81       2030        121         40          0         40        105     303519
         82       2031        121         40          0         40        105     304222
         82       2031        121         40          0         40        105     304926
         82       2032        121         40          0         40        105     305629
         82       2032        121         40          0         40        105     306333
         82       2032        121         40          0         40        105     307036
         82       2033        122         40          0         40        105     307740
         83       2033        122         40          0         40        106     308443
         83       2033        122         40          0         40        106     309147
         83       2034        122         40          0         40        106     309850
         83       2034        122         40          0         40        106     310554
         83       2034        122         40          0         40        106     311257
         83       2035        122         40          0         40        106     311961
         84       2035        122         40          0         40        106     312665
         84       2035        122         40          0         40        106     313368
         84       2036        122         40          0         40        106     314072
         84       2036        122         40          0         40        106     314775
         84       2037        122         40          0         40        106     315479
         84       2037        123         40          0         40        106     316182
         85       2037        123         40          0         40        106     316914
         85       2038        123         40          0         40        106     317645
         85       2038        123         40          0         40        106     318377
         85       2038        123         40          0         40        106     319109
         85       2039        123         40          0         40        106     319840
         85       2039        123         40          0         40        106     320572
         86       2039        123         40          0         40        106     321304
         86       2040        123         40          0         40        107     322035
         86       2040        123         40          0         40        107     322767
         86       2040        123         40          0         40        107     323499
         86       2041        124         40          0         40        107     324230
         86       2041        124         40          0         40        107     324962
         87       2041        124         40          0         40        107     325693
         87       2042        124         40          0         40        107     326425
         87       2042        124         40          0         40        107     327157
         87       2042        124         40          0         40        107     327888
         87       2043        124         40          0         40        107     328620
         87       2043        124         40          0         40        107     329352
         88       2044        124         40          0         40        107     330083
         88       2044        124         40          0         40        108     330815
         88       2045        124         40          0         40        108     331547
         88       2045        124         40          0         40        108     332278
         88       2045        124         40          0         40        108     333010
         88       2046        124         40          0         40        108     333742
         89       2046        125         40          0         40        109     334473
         89       2047        125         40          0         40        109     335205
         89       2048        125         40          0         40        110     335937
         89       2048        125         40          0         40        110     336668
         89       2048        125         41          0         41        110     337400
         89       2049        125         41          0         41        110     338131
         90       2050        125         41          0         41        111     338863
         90       2050        125         41          0         41        111     339595
         90       2051        125         41          0         41        112     340326
         90       2051        125         41          0         41        112     341058
         90       2052        125         41          0         41        112     341790
         90       2052        125         41          0         41        112     342521
         91       2053        125         41          0         41        113     343253
         91       2054        125         41          0         41        113     343985
         91       2054        125         41          0         41        114     344716
         91       2055        125         41          0         41        114     345448
         91       2055        125         41          0         41        114     346180
         91       2056        126         41          0         41        115     346911
         92       2056        126         41          0         41        115     347643
         92       2057        126         41          0         41        115     348375
         92       2057        126         41          0         41        116     349106
         92       2058        126         41          0         41        116     349838
         92       2058        126         41          0         41        116     350569
         92       2058        126         41          0         41        116     351301
         93       2059        126         41          0         41        116     352033
         93       2060        126         41          0         41        117     352764
         93       2060        126         41          0         41        117     353496
         93       2060        126         41          0         41        117     354228
         93       2061        126         41          0         41        117     354959
         93       2061        126         41          0         41        117     355691
         94       2061        126         41          0         41        118     356423
         94       2062        126         41          0         41        118     357154
         94       2062        126         41          0         41        118     357886
         94       2062        127         41          0         41        118     358618
         94       2063        127         41          0         41        118     359349
         94       2063        127         41          0         41        118     360081
         95       2063        127         41          0         41        118     360813
         95       2064        127         41          0         41        118     361544
         95       2064        127         41          0         41        118     362276
         95       2064        127         41          0         41        118     363007
         95       2065        127         41          0         41        118     363739
         95       2065        127         41          0         41        118     364471
         96       2065        127         41          0         41        118     365202
         96       2066        127         41          0         41        118     365934
         96       2066        127         41          0         41        118     366666
         96       2066        127         41          0         41        118     367397
         96       2067        128         41          0         41        118     368129
         96       2067        128         41          0         41        119     368861
         -1         -1         -1         -1         -1
